
  192.        168.        50.          107      /27
  11000000    10101000    00110010     01101011
  
  255.        255.        255.          224
  11111111    11111111    11111111     11100000
  
  
  11000000    10101000    00110010    01100000
  192.         168.        50.        96    - min
  
  11000000     10101000    00110010   01111111
  
   192.         168.        50.      127   - broadcast
   
   192.         168.        50.      126   - max
  
  
  -----------------------------------------------------
  
  10.          0.       0.       2                /30
  00001010    0000000   0000000    00000010
  
  11111111    11111111  11111111   11111100
  255         255       255        252
  
  00001010    00000000  00000000   00000000 
  10             0         0          0      - network
  
  00001010    00000000  00000000   00000011
  10              0        0           3     -  broadcast
  
  10.0.0.1 - hostmin
  10.0.0.2 - hostmax
  
  -------------------------------------------------------
  
  77.        28.        46.        77          /31
  
  01001101   00101000   00101110   01001101
  
  11111111   11111111   11111111   11111110
  255        255        255        254      - mask
  
  01001101   00101000   00101110   01001100
  77         28         46         76       - network
  
  01001101   00101000   00101110   01001101
  77         28         46         77    - broadcast
  
  77.28.46.76 - min
  77.28.46.77 - max
  
  --------------------------------------------------------
  
  5.           144.         135.       2          /9
  00000101     10010000     10000111   00000010
  
  11111111     10000000     00000000   00000000
  255           128          0          0       - mask
  
  00000101     10000000     00000000   00000010
  5            128           0         0      - network
  
  00000101     11111111     11111111   11111111 - broadcast
  
  5.144.135.1 - min
  
  5.255.255.254
  
  
  
  

  
  